1.719775678951256e-01 6.389552132739509e-01 8.843528367546986e-02 6.974415843200285e-02 3.088777672345074e-02 
6.611892055021658e-01 1.507701284950475e-01 8.381306982245372e-02 4.697559452512235e-02 5.725200165521066e-02 
5.407379170961608e-01 1.331375370866645e-01 2.162563329776113e-01 5.730492376019943e-02 5.256328907936403e-02 
5.553169236802192e-02 5.643792752411896e-01 2.968790456434175e-02 3.066497705315617e-01 4.375135729488515e-02 
6.121633865106806e-01 4.820024887353513e-02 7.651188239669254e-02 2.156263544310518e-01 4.749812778803997e-02 
3.145073474802988e-01 2.191105796654464e-02 2.586642642281868e-02 6.127543876309747e-01 2.496078049936356e-02 
9.244523446094055e-02 2.330138672314260e-01 4.383002026416993e-02 5.536671680217080e-01 7.704371002175561e-02 
2.984324298475429e-02 5.923443908722534e-01 2.535318948879051e-01 9.671180502437671e-02 2.756866623071077e-02 
1.016979918466509e-01 6.298518466949649e-01 8.554827778771178e-02 7.570653571619704e-02 1.071953479544755e-01 
1.386454820973927e-01 3.077012761525186e-02 4.392833187394560e-01 9.866737859551246e-02 2.926336929523871e-01 
4.747671645346087e-01 8.016316349387242e-02 3.676548750401549e-01 5.213574412547192e-02 2.527905280589206e-02 
2.030982762716330e-01 3.333625557793971e-01 2.361619530073672e-01 2.106179613574556e-01 1.675925358414718e-02 
6.140471166499073e-01 3.316610116998570e-02 2.688549742922540e-02 3.027575376751121e-01 2.314374707576936e-02 
3.730927657847095e-01 2.914810197545009e-01 1.268345748244704e-01 1.933706810961161e-01 1.522095854020302e-02 
6.450320735166959e-01 6.754267339771897e-02 2.409134075924096e-01 3.171813849242752e-02 1.479370700074802e-02 
3.749772093808960e-01 3.952222926653525e-01 1.448724907036417e-01 4.392970812462745e-02 4.099829912548245e-02 
3.469900521870897e-01 1.441037937541526e-02 1.663957736107425e-02 1.447017881530756e-01 4.772582029233453e-01 
3.232808941353904e-02 1.738149998418183e-02 2.040418705763801e-02 4.687234669107644e-02 8.830138768535647e-01 
2.363382625336224e-01 6.888846520866047e-02 1.920967398007765e-01 4.748250130570686e-01 2.785151939987199e-02 
2.234422409282572e-01 1.960653572604228e-02 1.056631581402622e-01 6.333016022679611e-01 1.798646293747732e-02 
2.047666317848179e-02 8.712048915527305e-01 2.440442064435307e-02 5.793762225397341e-02 2.597640237046123e-02 
1.497269135500686e-01 5.317430591393858e-02 1.852418418335067e-01 2.358710090710424e-01 3.759859296314438e-01 
5.137963163178851e-01 6.224906421432954e-02 6.242628056033272e-02 1.763777258427714e-01 1.851506130646813e-01 
5.759026375802108e-01 4.397271561246911e-02 1.381608952818782e-01 2.190667502443432e-01 2.289700128109858e-02 
2.961220269593315e-01 3.548644874344548e-02 4.652160981049357e-02 6.053115915135566e-01 1.655832297317285e-02 
1.315038790845724e-01 3.724183527919161e-01 4.369002229070412e-01 2.617977329006581e-02 3.299777192640452e-02 
3.199682274418045e-01 6.122239753016536e-01 1.778777064139900e-02 3.331416426486699e-02 1.670586235027598e-02 
5.239435733507234e-01 1.921689067539906e-02 1.739381279896152e-02 4.243218963080464e-01 1.512382686686959e-02 
7.205420430033259e-01 2.107555319872872e-02 4.758011195651880e-02 1.793160212073936e-01 3.148627063403293e-02 
1.538841296706290e-02 2.375708339587685e-02 5.051246942987082e-02 6.243548618843973e-01 2.859871723227922e-01 
2.426204855901952e-02 2.093468729588142e-02 2.331380887227066e-02 2.631641120789431e-02 9.051730440649342e-01 
1.562531729537551e-01 4.417686859934379e-01 3.598831684043755e-01 2.265863097175693e-02 1.943634167667472e-02 
8.572766560222100e-01 2.659440181545982e-02 3.520845048942816e-02 2.689662959845748e-02 5.402386207444447e-02 
7.629201437471645e-01 4.795839416378172e-02 3.852861193992744e-02 5.726052648968413e-02 9.333232365944219e-02 
2.685467877828556e-02 4.084967428743113e-01 5.162876827760864e-01 2.478883707903414e-02 2.357205849228291e-02 
3.170105736468334e-01 4.210509565372045e-01 2.231722971336906e-01 2.010502483094946e-02 1.866114785132202e-02 
4.249607199472555e-02 8.072025044661957e-01 2.039738252148364e-02 2.769401908944989e-02 1.022100219281453e-01 
5.976161113153957e-02 3.623456246517888e-02 5.010881873451248e-02 8.015811093327937e-01 5.231389833597540e-02 
3.772678847936139e-02 2.649124532258146e-02 8.245505021693590e-01 3.914786167558987e-02 7.208360235310841e-02 
4.515603273085770e-01 4.605635617280788e-01 2.963012970710443e-02 3.040887922805064e-02 2.783710202818910e-02 
2.250761429663977e-01 5.891041335613526e-01 2.121152339473103e-02 1.214266512026958e-01 4.318154887482292e-02 
4.466678625983260e-02 3.477738800110211e-02 3.332825075734192e-02 1.247271459995680e-01 7.625004289821553e-01 
5.359737856653951e-01 2.326627191636322e-01 5.157948332651542e-02 6.738341385035707e-02 1.124005979941001e-01 
2.899655126210567e-01 1.762779247200070e-01 1.559304096308001e-02 6.128526222390503e-02 4.568782594719513e-01 
5.398017172334142e-01 6.914619167615017e-02 2.387684296613004e-02 1.436169153138953e-01 2.235583328104104e-01 
8.413643380942966e-01 2.202209356804443e-02 5.743096503753492e-02 2.346525425467709e-02 5.571734904544693e-02 
2.416693807746608e-01 2.607208675783973e-02 2.874547553322649e-02 6.752594577613472e-01 2.825359917292590e-02 
3.743863507254107e-01 4.910602271737612e-01 3.540568489240753e-02 3.069063431621038e-02 6.845710289221027e-02 
1.989047561429249e-01 1.267090191920703e-01 2.161083189864784e-01 2.403176868498192e-01 2.179602188287071e-01 
3.758367990303543e-01 3.050721493678392e-01 3.749232391519280e-02 1.968372674399063e-01 8.476146024670737e-02 
2.726583530926748e-01 4.709171787738315e-01 9.998438426519317e-02 1.324814998386458e-01 2.395858402965485e-02 
3.201052425737526e-01 7.892397228334080e-02 5.385336447414100e-01 3.668172017621006e-02 2.575542022528660e-02 
3.202563294850085e-01 3.191984489975404e-02 4.226953450929181e-02 5.576222956297345e-01 4.793199547621113e-02 
3.261523737545069e-01 2.485882330971238e-01 3.974468507062136e-02 3.610424941465750e-01 2.447221393117298e-02 
1.132759988449520e-01 5.340630730557617e-01 5.291981648480491e-02 1.249394389612355e-01 1.748016726532459e-01 
2.204107114200095e-01 3.480885401000175e-01 6.210101876860880e-02 2.374941159326904e-01 1.319056137786738e-01 
6.833626287052674e-02 1.558980013197406e-01 5.534597300036646e-02 2.408610596770167e-01 4.795587031323495e-01 
6.147531668253683e-02 6.990777953953896e-01 8.139868840763941e-02 1.043570565150430e-01 5.369114299939112e-02 
5.241088534629420e-02 2.816587898742398e-01 3.339146477718329e-02 9.755243814998416e-02 5.349864218522987e-01 
3.396474994315053e-02 3.217523179125055e-01 5.270970798997151e-01 8.300470921908996e-02 3.418114302553900e-02 
2.397975343714749e-01 5.837286559672052e-01 1.200066002942530e-01 2.938136717639115e-02 2.708584219067572e-02 
2.963704342607413e-01 3.440744628161663e-01 2.266001147645690e-01 4.216107895095432e-02 9.079390920756918e-02 
3.578742044840452e-01 3.075430978331544e-01 2.916635171792695e-01 2.510266046022881e-02 1.781652004330209e-02 
1.473900133986892e-01 3.657789500067968e-01 4.168530779121390e-01 4.138921163850506e-02 2.858874704386993e-02 
6.340036076400495e-02 5.327949972697802e-01 3.388903562561233e-01 3.977586408447016e-02 2.513842162562140e-02 
2.466750355797726e-02 9.065174805983691e-01 2.428889480271992e-02 2.359465013723452e-02 2.093147090369924e-02 
2.719630775744916e-01 2.391010764160501e-02 3.077762316527578e-02 5.454177429672745e-02 6.188074173219003e-01 
3.587432903786252e-01 3.981553183063127e-02 3.051186460948744e-02 1.803753702596989e-01 3.905539429215572e-01 
1.577434338575829e-01 3.930893986904846e-02 6.573253499436885e-02 4.212001341697232e-02 6.950950778620275e-01 
3.701255678104131e-01 6.949009945923504e-02 2.172570890200839e-01 6.082446479588770e-02 2.823027789143803e-01 
3.480498200114186e-02 4.334082318536710e-02 2.469607548126712e-02 8.320433050275213e-01 6.511481430470270e-02 
5.222735314093271e-01 2.014601427134410e-02 6.005745115324155e-02 2.896158415858665e-02 3.685614190075006e-01 
1.095337378233569e-01 2.378994238963379e-01 2.823288190521745e-02 3.040204266056020e-02 5.939319137145277e-01 
3.595835295988482e-01 6.470498237717387e-02 5.304752364162354e-02 4.886349859727124e-01 3.402897840964207e-02 
5.067256574677115e-01 1.946953078233399e-02 1.834290433990604e-01 3.786516690423096e-02 2.525106014466634e-01 
3.338301269340435e-01 1.371485559192880e-01 2.732583852733158e-02 1.944428592359749e-01 3.072526193833620e-01 
3.706840662791153e-01 5.685063365954714e-02 1.713388557764653e-01 1.476078144038213e-01 2.535186298810509e-01 
2.333230464268033e-01 2.405341355098090e-02 3.840985297229890e-02 6.745321502410504e-01 2.968153680886645e-02 
5.811741001744104e-01 1.872785610909599e-02 7.487449167267055e-02 3.035565210813132e-01 2.166703096250978e-02 
8.520539751908582e-01 1.994856853157940e-02 8.799874743177573e-02 2.444590175749124e-02 1.555280708829550e-02 
5.376546702229752e-01 1.099647753844241e-01 1.061539519776639e-01 2.001143540960710e-01 4.611224831886590e-02 
1.635894066047724e-02 5.395143786534350e-01 1.533593454686565e-02 2.663998983719077e-02 4.021507563020316e-01 
1.392352177781039e-02 3.738634250177052e-01 1.872924151763014e-02 5.409067140945956e-02 5.393931402773948e-01 
5.166604488082953e-01 3.167692159477721e-02 6.301497198711009e-02 1.189683985311030e-01 2.696792590787146e-01 
3.051578397044395e-01 2.432139521352506e-02 1.068065326986783e-01 5.409765830736039e-01 2.273764930975335e-02 
1.948218449148286e-01 2.907264555809685e-02 1.137315372921851e-01 6.354181327468452e-01 2.695583948804425e-02 
9.103597647969899e-01 1.170971043557255e-02 1.499601312337957e-02 1.250163051378481e-02 5.043288113027315e-02 
3.044072934512918e-02 4.609478834609094e-01 2.827413868373688e-02 3.090755557689186e-02 4.494296929333328e-01 
6.155057646339453e-02 2.030105076639235e-02 5.607035910582554e-02 8.414496260333152e-01 2.062838763107239e-02 
5.762944760875170e-01 3.315603899073814e-02 7.069716482552156e-02 6.266203746686877e-02 2.571902826293546e-01 
1.325227748140989e-01 3.825608540666636e-02 4.195133896010194e-01 1.231708295295720e-01 2.865369206486433e-01 
9.674513945729543e-02 3.447725694316575e-02 7.350038887694602e-02 2.459000797723261e-01 5.493771349502667e-01 
2.933172277179105e-01 2.101620004658421e-02 1.722940949908842e-01 4.963690865801213e-01 1.700339066449991e-02 
5.780430016607777e-01 4.027932656532256e-02 2.054478511676887e-01 1.271397149425652e-01 4.909010566364579e-02 
1.620017217407988e-02 9.447307666437640e-01 1.305544404428001e-02 1.172697560369477e-02 1.428664153418134e-02 
1.379675365249151e-02 9.382790872336578e-01 1.483447238471776e-02 1.869751704313732e-02 1.439216968599578e-02 
5.468744378219885e-01 2.722363301988456e-02 3.030482920991850e-01 6.654749351448844e-02 5.630614354445343e-02 
4.181177636777395e-02 2.352534735499559e-02 1.374504530398374e-01 5.208647440788882e-01 2.763476791585049e-01 
3.256610227634828e-02 3.136782985730188e-02 1.825601294109578e-02 8.585518556823688e-01 5.925819924288523e-02 
4.104982382329670e-01 1.586856446794592e-02 1.549179867949736e-02 3.973004330311699e-02 5.184113553164726e-01 
3.075956773897636e-01 3.292874182613386e-02 5.573290416857284e-01 6.374863659932203e-02 3.839790249905230e-02 
3.928615187436324e-01 5.312453553257649e-02 2.906152799313262e-01 2.278413263267353e-01 3.555733946572971e-02 
5.953723810265402e-01 4.791831573546103e-02 1.261264055402439e-01 1.928164347766838e-01 3.776646292107106e-02 
8.277296292690051e-02 4.831328242381155e-02 3.718541062077504e-01 6.129550140043584e-02 4.357641470411018e-01 
2.884539082708992e-02 4.036194268683359e-01 5.065765576112045e-02 4.896756360674266e-01 2.720189047602719e-02 
1.223225317785961e-02 1.236663024187092e-02 1.268143093546844e-02 5.474124059195942e-01 4.153072797252065e-01 
1.184944513294619e-01 3.008584924677808e-02 6.601665438829950e-01 9.462998268533171e-02 9.662317285543337e-02 
1.964685336035313e-01 2.361604926568036e-01 2.570184207469455e-02 1.348926793091660e-01 4.067764523558046e-01 
1.833023116650177e-01 8.427622480539392e-02 5.218883576522971e-02 6.309737696845474e-01 4.925885807981140e-02 
3.015064919603334e-02 9.948089767181925e-02 2.983983961628674e-02 6.508245553049294e-01 1.897040582109313e-01 
4.786687184990911e-01 5.444234712638051e-02 4.214243923214013e-02 1.433689089128314e-01 2.813775862295568e-01 
4.401259417072828e-01 3.973498173151301e-02 6.196581508728344e-02 3.970011222444464e-01 6.117213922947438e-02 
2.325393650058604e-01 2.533892546304160e-02 2.666561761207156e-02 6.909922651075928e-01 2.446382681143379e-02 
1.270876486639063e-01 3.258499291324478e-01 3.925296342075270e-01 1.396217197447849e-01 1.491106825133424e-02 
1.520731728410832e-01 3.304702894328872e-02 7.517310398151431e-01 3.153258786423313e-02 3.161617053625194e-02 
1.646545978790369e-01 4.778640928456816e-02 3.302906280440168e-01 4.388219651925827e-01 1.844639959979547e-02 
5.424117944559694e-01 2.916536967736204e-01 7.147372826787682e-02 4.825241013891843e-02 4.620837036361507e-02 
3.043205642394370e-01 8.637486224794722e-02 5.678514562027948e-02 5.205630186585224e-01 3.195640923381397e-02 
2.247549157557185e-01 2.349223364774514e-01 1.676513812105963e-02 5.071582182819947e-01 1.639939136377571e-02 
7.195268337950433e-01 3.643508402481473e-02 1.293131290263928e-01 3.323785147862066e-02 8.148710167512857e-02 
2.509050057809311e-01 2.091133136280980e-02 2.993321164120188e-02 3.323150892253619e-02 6.650189422925211e-01 
1.175800922050836e-01 2.879673182832485e-02 2.269883893111183e-01 3.845756265449281e-02 5.881772240009805e-01 
2.034272297459860e-02 1.973493346677434e-02 8.312378386173458e-02 1.766399680877364e-02 8.591345628881191e-01 
1.791183389880983e-01 1.236600677687105e-01 3.625921179011715e-01 2.677311637222159e-01 6.689831161980377e-02 
3.647350107986386e-01 5.157397777031137e-02 5.385627423404737e-01 2.434967428104530e-02 2.077859480953094e-02 
8.210233381275214e-02 3.301823357502918e-02 6.102261268657401e-02 2.659841416923803e-02 7.972584057564066e-01 
1.960705678274693e-02 9.075787220361042e-01 2.554489254288106e-02 2.350845062983331e-02 2.376087800843494e-02 
1.131448040680861e-01 4.108238877484397e-01 5.584256827846002e-02 3.928280845895420e-01 2.736065531547213e-02 
6.520144371046874e-02 3.438138638348368e-01 2.205864402783462e-02 5.460908516102793e-01 2.283519681658058e-02 
1.332961203080676e-01 2.633090527735413e-01 7.476457511005177e-02 5.048192282952702e-01 2.381102351306924e-02 
1.136001042948279e-01 4.911115465308094e-01 1.784822328326930e-02 3.032359857103800e-01 7.420414018071350e-02 
1.746268184787754e-01 7.814135896165056e-02 4.386589085541553e-02 6.814280640831808e-01 2.193786762097787e-02 
3.362100192542822e-02 2.230458952303981e-02 2.188886723250908e-02 3.824092679205812e-01 5.397762733984417e-01 
7.083792222456214e-02 5.302520620183391e-02 9.228468423545842e-02 1.037425077702504e-01 6.801096795678951e-01 
6.187771845236543e-02 2.112893538636419e-02 3.024517063794424e-02 3.239569341211777e-01 5.627912414021485e-01 
6.710948144793351e-01 2.344656297317485e-02 4.515594877994632e-02 2.214555828462847e-02 2.381571154829153e-01 
2.830163822253147e-02 2.503286403262373e-02 8.398861954638953e-02 1.291409506198164e-01 7.335359275786388e-01 
1.168214941110844e-01 3.294785686952682e-02 5.587080705726830e-02 2.951663004594675e-01 4.991935415026530e-01 
2.248840876032338e-02 1.644178400287640e-02 2.770312530286280e-02 2.712184670108770e-01 6.621482149230604e-01 
7.911231778146219e-01 2.522747435820727e-02 2.679485943022393e-02 2.584229108395748e-02 1.310121973129897e-01 
5.818218074485321e-02 2.441545439230824e-02 2.964008529242433e-02 3.018678832563676e-02 8.575754912447776e-01 
5.383470003516945e-02 3.676993503314298e-02 2.745390948473524e-02 3.893538782418503e-02 8.430060676227673e-01 
2.676054495697336e-02 8.621609914132480e-02 5.523703886221035e-02 5.704388291056949e-02 7.747424341289221e-01 
1.945570545657857e-02 2.348975042708466e-02 2.599085565475356e-02 8.652416229547269e-02 8.445395261661105e-01 
3.875617294677677e-02 2.947237844284165e-02 2.506588511752974e-02 2.550124121433746e-01 6.516931513494773e-01 
9.077768398770279e-02 4.663007474263432e-02 1.357805233696691e-01 3.444013118794396e-01 3.824104060205543e-01 
6.524061527829331e-02 1.153161877790177e-01 2.313053433760633e-01 2.982426383899793e-01 2.898952151766463e-01 
3.512040821947295e-02 4.037562115533255e-02 4.465812033021700e-02 7.190507832711922e-02 8.079407719678583e-01 
4.897800697871560e-01 1.457688005392372e-02 1.476830784966627e-02 1.734368254073561e-02 4.635310597685185e-01 
1.229416874262744e-01 2.384466110355250e-02 4.007909008135288e-02 9.328673763011712e-02 7.198478237587032e-01 
1.889098552634913e-01 2.382534693917066e-02 4.026279924239660e-02 1.342612918637133e-01 6.127407066912282e-01 
3.198174193712493e-02 2.585346158489270e-02 1.025854847530187e-01 2.192592611780872e-01 6.203200505468763e-01 
1.827468269312361e-01 2.052059584799151e-01 3.457029133271859e-01 1.652780958352065e-01 1.010662054264563e-01 
3.246721757487383e-01 2.111887504257255e-02 2.334746126005039e-02 2.562894062625575e-01 3.745720816860814e-01 
5.096168351584999e-02 5.646595572630866e-02 1.663877965408226e-01 3.260494746438499e-01 4.001350895731688e-01 
2.197725971877876e-01 2.001792186704119e-02 2.071267696043683e-02 2.149281785922877e-02 7.180039861255055e-01 
2.591107646348973e-02 2.497558783333132e-02 2.362872742236559e-02 1.991637406948280e-02 9.055682342113309e-01 
8.474133167976272e-01 1.359169114964578e-02 1.334810205644139e-02 1.366993556942037e-02 1.119769544268653e-01 
1.221725911546654e-01 4.809949971235199e-02 2.728973521607507e-02 4.509730003380324e-02 7.573408738831043e-01 
2.812642675623886e-01 2.698662385999583e-01 1.657904252314283e-01 1.092009709181816e-01 1.738780976880432e-01 
3.348947914851769e-02 2.673613971551063e-02 2.527408559526063e-02 2.500405787118298e-02 8.894962376695280e-01 
1.619673842316618e-01 1.131837276598733e-01 6.406524767744688e-01 6.364790561703511e-02 2.054850571696109e-02 
3.472880506104630e-01 1.495653412656623e-02 1.820685926905261e-02 1.761843475907388e-02 6.019301212348442e-01 
9.628283986115238e-02 5.912841973086214e-02 6.775257350953365e-02 2.671715176443740e-02 7.501190151340145e-01 
5.125090183429708e-02 2.444077016034399e-02 4.046737271924733e-02 1.901014561183523e-02 8.648308096742764e-01 
4.482381127748688e-01 2.947717474300957e-02 1.215074940304934e-01 4.629895322315213e-02 3.544782652284761e-01 
1.263890512002975e-01 6.806979117393856e-02 8.241856837797393e-02 1.005896917126764e-01 6.225328975351138e-01 
1.238883276672881e-01 2.804077941096623e-02 3.146757525783821e-02 2.832678830111298e-02 7.882765293627945e-01 
5.757945590472180e-02 2.570195647890747e-02 3.282238317853611e-02 7.760748175982107e-02 8.062887226780135e-01 
2.829630002726773e-01 3.339693965328949e-01 2.502639312025207e-01 1.106953719307338e-01 2.210830006117340e-02 
1.923929067027175e-02 8.485745900339475e-01 2.086240618950238e-02 6.294696592868905e-02 4.837674717758961e-02 
2.702838112330818e-01 4.176484422814133e-02 4.473526317046099e-02 2.347197432090116e-02 6.197441070474148e-01 
4.845020447211432e-02 3.684151562531310e-02 3.692689964518323e-02 2.691843298700874e-01 6.085970503873019e-01 
6.456129473248168e-02 6.360065570363968e-02 3.631280056303761e-02 1.135175212891390e-01 7.220077277117021e-01 
1.264654306019245e-01 3.817983547743785e-02 6.007037753035087e-02 4.883884704576023e-01 2.868958859326845e-01 
1.132869005096789e-01 2.908330902109389e-02 1.249521531553165e-01 3.863489451262495e-01 3.463286921876612e-01 
3.219245663157641e-02 2.330313512262922e-02 2.590375421870746e-01 7.274514476053340e-02 6.127217212981864e-01 
5.112148741128340e-02 2.406476363771253e-02 5.586695529074644e-02 1.265257234846890e-01 7.424210701755686e-01 
6.534318066597762e-02 7.639215088147511e-02 6.323921215665448e-02 2.540002433449972e-01 5.410252129508956e-01 
1.106641577807445e-01 2.972192371587532e-02 7.708129173253339e-02 1.633200872781545e-01 6.192125394926924e-01 
6.606111404715734e-02 4.173870585737131e-02 9.351476111383324e-02 7.087894873648298e-02 7.278064702451552e-01 
1.023791755196728e-01 3.967990222239469e-02 9.054107176438991e-02 3.668453502388592e-01 4.005545002546834e-01 
2.583487538135152e-01 4.671128095939193e-02 4.159680704781868e-02 6.453048816098959e-02 5.888126700182845e-01 
4.158124174925070e-01 1.319971727278113e-01 5.409326883724531e-02 8.779965924855669e-02 3.102974816938798e-01 
2.378331897112597e-02 2.059687837766164e-02 2.186480014061316e-02 2.406280461105849e-02 9.096921978995408e-01 
6.956729408799993e-02 3.378735048138078e-02 3.701676805138095e-02 2.237422668778117e-01 6.358863205014267e-01 
2.042879305705934e-01 5.264029433150851e-01 4.903457557133378e-02 1.461008240306351e-01 7.417372651235279e-02 
3.338110641014393e-01 5.097493214672491e-01 2.867235394488483e-02 5.660667206261438e-02 7.116058842381243e-02 
4.407653869408876e-02 2.526790916188145e-02 1.737912178945053e-01 3.785917739757841e-01 3.782725602737402e-01 
2.411729470324604e-02 2.130379263275010e-02 2.203923311777828e-02 2.595691691844820e-02 9.065827626277778e-01 
3.126041906340588e-02 3.372263835806550e-02 3.652604252745663e-02 3.507995116093633e-01 5.476913884417087e-01 
4.028384218605052e-02 1.911919654602152e-02 3.096307113933232e-02 4.101550612102736e-01 4.994788289183222e-01 
7.802183854503056e-01 4.411116929667565e-02 1.963463050405675e-02 2.132473461126587e-02 1.347110801376961e-01 
4.104418246333986e-02 3.410068437517189e-02 2.751209546139731e-02 3.277732031804547e-02 8.645657173820455e-01 
6.669852894417044e-02 5.451946660252964e-02 2.108335011216595e-01 1.186874966386620e-01 5.492610066929785e-01 
8.893958582115946e-02 3.557267790383294e-02 3.632397804769635e-02 3.106455301193951e-02 8.080992052153717e-01 
3.736352094715609e-02 5.544475726002298e-02 1.093644311537662e-01 3.093213925950081e-01 4.885058980440465e-01 
1.001572936189743e-01 2.728830015476823e-02 9.677696678729725e-02 2.229098662570784e-02 7.534864528132524e-01 
3.920934271273790e-01 3.555969575470706e-02 2.287473922645694e-01 2.974594376004343e-02 3.138535410933010e-01 
2.088487475964746e-02 2.354409792814399e-02 2.142974163792510e-02 4.067954194341857e-01 5.273458662400979e-01 
8.478353871607908e-02 1.557613179949078e-01 2.292534603001329e-02 9.545824490554872e-02 6.410715523534511e-01 
1.212690870230496e-01 3.986403335622801e-01 3.995229588166481e-01 3.712697647136337e-02 4.344064412665890e-02 
8.391744481607779e-01 3.013537323893956e-02 3.741979484682990e-02 3.377752827147752e-02 5.949285548197538e-02 
2.168965629376747e-02 1.522999609769851e-01 1.906224420151145e-02 4.465788475509730e-01 3.603692909767631e-01 
6.080255188940460e-02 7.792613609973407e-01 4.011787121329431e-02 9.046741230839239e-02 2.935080359156799e-02 
1.228544837353618e-01 8.013261381051989e-01 2.099058659710779e-02 3.056976588955679e-02 2.425902567277472e-02 
1.519707805687291e-01 3.862326827822324e-02 3.777587751117663e-02 1.085336664968338e-01 6.630964071450371e-01 
7.857244854301841e-01 2.332934533905606e-02 5.617945086042247e-02 1.141727671576194e-01 2.059395121271798e-02 
1.404002887368023e-01 7.979506750815107e-01 2.357375485697114e-02 2.264804840659804e-02 1.542723291811797e-02 
1.449401872650948e-01 2.291881289206943e-01 5.387913671910886e-02 2.425729217442744e-01 3.294196253508277e-01 
3.823895060307168e-02 5.731360849604050e-01 1.758299014415653e-01 1.038614977554122e-01 1.089335652395457e-01 
7.393944720210208e-01 2.416769028625021e-02 2.197989213313204e-02 4.292135498551765e-02 1.715365905740793e-01 
7.487016478295687e-01 2.113824509520946e-02 3.461395832281434e-02 1.680911301824612e-01 2.745501856994629e-02 
2.482708733967367e-01 1.626835974106752e-01 2.397576347562284e-01 3.346124523094203e-01 1.467544212693944e-02 
9.328741164189074e-02 3.119327428932313e-02 1.247331218099251e-01 2.133980331880833e-01 5.373881590707779e-01 
8.621893933163174e-02 2.698201209305284e-01 4.722571351566435e-02 1.190937051382737e-01 4.776415210839018e-01 
4.213177770082486e-01 9.264329805363010e-02 5.204887214186186e-02 2.808301605344454e-01 1.531598922618142e-01 
9.888486156198831e-02 2.705427990561668e-02 3.846814636758020e-02 3.247844836326198e-02 8.031142638015529e-01 
2.488314001442922e-01 3.557786625876410e-02 1.535621087575754e-01 3.506460203920134e-02 5.269640228001670e-01 
9.303638098722362e-02 3.018813167116008e-02 3.943527158502710e-02 9.912741744793782e-02 7.382127983086515e-01 
4.071702338105744e-02 1.977210813071091e-02 1.887051763366004e-02 3.192202160940119e-01 6.014201347605598e-01 
4.804013441959131e-02 3.821116698288769e-02 8.325049162882463e-02 2.443682616343116e-01 5.861299453343848e-01 
3.513335514610860e-02 2.028743648385154e-02 2.989519478374697e-02 4.045036589459141e-01 5.101803546403789e-01 
2.579836899527020e-02 2.810322228925205e-02 2.319099989040011e-02 3.023228208092798e-01 6.205845880157983e-01 
3.982050566795669e-02 3.227128184756215e-02 3.500625475590405e-02 3.737205108236693e-02 8.555299066462104e-01 
3.057525826559787e-02 9.198178071878912e-02 6.151289768146891e-02 2.806916867923595e-01 5.352383765417847e-01 
4.104636262088996e-02 3.330905447049074e-02 3.879121728253559e-02 6.766767782929486e-02 8.191856877967890e-01 
1.915616770973730e-01 1.905002096963009e-01 7.598783465301215e-02 5.176369248742908e-01 2.431335367902303e-02 
2.122765556586423e-01 4.097332962756463e-02 1.223255420720707e-01 1.966784035495752e-01 4.277461690921472e-01 
1.478325333027267e-02 2.318724308719164e-01 1.532687547798960e-02 7.235235821942896e-01 1.449385812553182e-02 
6.096423036214181e-02 1.999183202297838e-02 1.933469320713259e-02 1.150320508295606e-01 7.846771935781867e-01 
6.620339437576309e-02 1.724822083924175e-01 9.799910958088917e-02 3.670598193020875e-01 2.962554683488427e-01 
2.088755666751725e-01 3.721798227946713e-02 8.675103577810227e-02 3.110452327203419e-01 3.561101825469162e-01 
3.917185954115772e-02 7.113429685287348e-02 3.299206307245119e-02 4.126429841896812e-02 8.154374821145495e-01 
1.168220288159498e-01 2.682280013087409e-02 3.117003198619572e-02 1.668334146512306e-01 6.583517244157500e-01 
8.412194071637913e-02 3.743915108532237e-02 4.613928712397528e-02 1.175059176273007e-01 7.147937034470226e-01 
3.738043418455756e-01 2.173629838058588e-02 1.066152918088918e-01 4.698254556151146e-01 2.801861234983208e-02 
4.764853144704582e-02 3.414920600313787e-02 2.689187428633532e-01 1.196912166780782e-01 5.295923030083850e-01 
5.706257554798535e-01 3.852445272278078e-02 3.959382588696436e-02 7.194583543543473e-02 2.793101304749667e-01 
6.046612795863576e-01 4.944628465107143e-02 2.632052369553047e-02 2.424529741453682e-01 7.711893792167226e-02 
8.345775588877815e-01 1.811627499843117e-02 1.858410649797980e-02 2.090019342542543e-02 1.078218661903826e-01 
4.720808828657719e-02 2.293655272584117e-02 1.697566463996494e-01 1.404777381966635e-01 6.196209743912688e-01 
2.383921992880154e-02 2.005921145297911e-02 2.081004896418929e-02 2.987852935007112e-02 9.054129903039591e-01 
1.809452194776285e-01 3.058060538241859e-02 2.525007552593415e-02 1.310682418039948e-01 6.321558578100239e-01 
2.804264495406343e-01 2.489421317732322e-02 3.516844906985578e-02 5.251373158045299e-02 6.069971566317336e-01 
7.234081456626458e-02 4.200625818314629e-01 2.896418566073178e-02 4.533040487813580e-01 2.532836916018297e-02 
2.880674239674240e-02 2.412297044222412e-02 2.655931318378180e-02 3.462475100906572e-01 5.742634638865947e-01 
1.124013617827142e-01 1.907560714890922e-02 2.352768734070532e-02 4.738733690654796e-01 3.711219746621916e-01 
2.389701000570791e-02 2.088140078511239e-02 2.234485910792959e-02 9.096798630851257e-01 2.319686701612449e-02 
8.145465601848446e-02 4.795600444256555e-02 2.777860838346758e-02 3.974362592994271e-01 4.453744718560554e-01 
1.892556145952714e-02 3.458676708852317e-02 1.785992421514945e-02 6.884342412822626e-01 2.401935059545377e-01 
4.055175637138941e-01 2.945839881637016e-02 1.565105749347230e-01 4.793344140590136e-02 3.605800211291114e-01 
6.025555588714218e-01 2.208596156247403e-01 9.358158650852968e-02 5.542257536168680e-02 2.758066363362144e-02 
1.041350311156729e-01 1.161797108850963e-01 6.357341806413941e-02 3.753357237749784e-02 6.785782675575935e-01 
1.518207572944534e-01 6.870278638607312e-01 5.776931898381548e-02 6.917343277014637e-02 3.420862709085366e-02 
3.047258060569575e-01 3.128114126751018e-02 9.331918692477217e-02 4.034944209758787e-02 5.303244236531722e-01 
1.546708030713976e-01 7.993919327270216e-02 3.897632828569388e-02 6.556330460667453e-01 7.078062930346105e-02 
1.097060089193562e-01 3.336965382171397e-01 8.460532997217465e-02 2.223024070852979e-01 2.496897158060316e-01 
1.029826533635685e-01 3.870798390014529e-01 5.139238866103674e-02 3.246683896699360e-01 1.338767293040058e-01 
3.237328655205853e-01 3.656979296546353e-01 5.916678130178201e-02 1.748149413025186e-01 7.658748222047887e-02 
1.502152204189032e-01 2.847090044283777e-01 4.719373893354042e-02 3.926933787758828e-02 4.786126983415904e-01 
6.887756003514720e-01 3.234205781138358e-02 4.175825229736919e-02 7.329646902698192e-02 1.638276205127933e-01 
6.863627317183448e-01 2.826014059038058e-02 6.015066688907426e-02 3.016022436348313e-02 1.950662364387172e-01 
8.168198815279198e-02 3.139440126567901e-02 3.086639303395880e-02 3.220747545011665e-02 8.238497420974535e-01 
9.228735040717766e-02 4.061899484324538e-02 2.573971228524888e-02 6.847059269969671e-01 1.566480154673610e-01 
8.384738606829237e-01 2.231633378699229e-02 3.249728630059945e-02 2.104277342760810e-02 8.566974580187650e-02 
7.761880302269760e-01 3.004293623594533e-02 3.600901041191518e-02 2.032505856391791e-02 1.374349645612456e-01 
8.372625293676987e-01 2.094696692058224e-02 2.312435309916644e-02 5.437091048192946e-02 6.429524013062327e-02 
3.906892836029665e-01 1.413108587301828e-02 1.865878816904208e-02 7.317352897823369e-02 5.033473133767394e-01 
3.611787936584204e-02 9.106633648542704e-01 1.802786307643966e-02 1.630841381025923e-02 1.888247889318885e-02 
3.794480092955543e-02 2.344167881178367e-02 4.706405186909531e-01 4.287871373625716e-01 3.918586420513625e-02 
5.092990333484454e-02 1.667232934850889e-02 3.970495562056130e-01 5.222266724994501e-01 1.312153861158349e-02 
2.379420355565495e-02 4.206351189910196e-02 6.655418477548429e-01 2.435934738838073e-01 2.500696290659300e-02 
2.296763772588242e-01 4.796103449032243e-02 6.579391543928731e-02 2.965276991616527e-01 3.600409736499135e-01 
3.218779496222329e-02 2.744409613370036e-02 3.090038651405684e-02 2.581341872729450e-02 8.836543036627252e-01 
3.789885580345170e-01 3.320990444357385e-01 7.614569579633972e-02 1.104419555891393e-01 1.023247461442656e-01 
2.917013973580947e-01 1.097390452828436e-01 2.853884433994686e-01 8.326951204849359e-02 2.299016019110996e-01 
5.481075351923483e-01 8.437452006038441e-02 5.181512190895392e-02 2.316705337739003e-01 8.403228906441312e-02 
3.558932990024077e-01 2.750720191592670e-02 1.094975234077925e-01 2.000965969456054e-01 3.070053787282677e-01 
3.159018542996368e-01 2.696033802799208e-01 7.819416857306341e-02 3.079299263551711e-01 2.837067049220788e-02 
6.630047720755393e-01 2.797549138394699e-02 4.864534122515025e-02 2.232568521228663e-01 3.711754319249712e-02 
8.389891642901426e-01 3.043021283463784e-02 3.173336167912674e-02 5.488467073862664e-02 4.396259045746628e-02 
8.188948301705081e-01 2.682460278387706e-02 2.616310065267628e-02 7.635072984973694e-02 5.176673654320162e-02 
7.814312327243353e-01 3.326702044626055e-02 9.246171524124100e-02 4.300537731746417e-02 4.983465427069881e-02 
6.765701979229390e-01 2.850891517247854e-02 5.174982885366067e-02 2.040639199864265e-01 3.910713806449528e-02 
8.612228416594181e-01 2.126206681808345e-02 2.224997483596958e-02 6.775267354064940e-02 2.751244314587956e-02 
6.732948438752013e-01 5.375568389013293e-02 3.730013490042793e-02 4.511339963898250e-02 1.905359376952554e-01 
3.587811268929071e-02 2.204453400239222e-02 2.815798333815485e-02 4.517780379063153e-02 8.687415661795308e-01 
1.873998060290147e-02 4.873026839843145e-02 1.879422489847402e-02 8.964533565490090e-01 1.728216955118431e-02 
8.131542777090364e-02 4.990713823746949e-02 9.063218984305743e-02 4.573282067072873e-02 7.324124234778406e-01 
2.646697842939020e-01 2.750785786842683e-02 3.886778381540956e-02 5.547873835602062e-01 1.141671904620555e-01 
4.560275728818423e-02 5.050790673111299e-02 2.387824231442705e-02 4.281545245790712e-02 8.371956412083686e-01 
2.304963656598102e-02 8.931600730689750e-01 3.554151784715527e-02 2.596070859935960e-02 2.228806391852910e-02 
1.522155556264068e-02 1.391464719676539e-02 1.563948063809998e-02 3.069535020450196e-01 6.482708145574748e-01 
1.118071088589909e-01 1.992121062266494e-02 2.690532453875029e-01 1.062662141068203e-01 4.929522210240211e-01 
6.164971171431723e-02 1.831893422241310e-02 4.946010345193179e-02 2.191293506695757e-02 8.486583155443804e-01 
5.451894281224343e-02 1.368119407801882e-01 5.485641373549133e-02 6.251397270013879e-01 1.286729756706891e-01 
3.230649707463965e-01 2.212486414625815e-02 2.092041673801512e-02 2.428796708715918e-02 6.096017812821712e-01 
7.717823314952954e-02 1.757805320273061e-02 2.119522915220379e-02 1.855683186818593e-02 8.654916526273504e-01 
1.128640961850215e-01 7.431568376844748e-01 2.553786645689459e-02 9.301570386400537e-02 2.542549580960375e-02 
6.447520434056368e-02 4.450597839059615e-02 1.273511404996238e-01 2.022320592026728e-01 5.614356175665435e-01 
5.096153265270150e-02 6.822649644560050e-02 2.054440035146003e-01 1.432719983759251e-01 5.320959690111726e-01 
4.846947363514931e-02 6.937365387407340e-02 2.318243761567372e-01 2.300687411720279e-01 4.202637551620123e-01 
3.195034945540933e-02 2.677882277698170e-02 2.327239477759206e-02 1.976092339798005e-02 8.982375095920371e-01 
4.697050243953014e-02 2.813940717276027e-02 1.038569075507062e-01 1.796873964623925e-01 6.413457863746108e-01 
6.552113070504802e-02 4.297388170150790e-02 8.762653417786136e-02 6.259451950686479e-02 7.412839339087181e-01 
8.248454042559591e-02 2.685266172722317e-02 4.026781982361368e-02 2.249915423218285e-01 6.254034357017387e-01 
2.944161414286532e-02 3.479662354559555e-02 2.836098113108772e-02 2.973913926181416e-01 6.100093885623098e-01 
9.945868784559306e-02 3.681462647629039e-02 1.329489758539413e-01 8.862771866744962e-02 6.421499911567257e-01 
1.132696444084901e-01 3.851790024172640e-02 5.087587511686911e-02 4.330995979694393e-01 3.642369822634751e-01 
4.348055091709018e-02 9.722011518192451e-02 1.957507400051474e-02 1.135600834070511e-01 7.261641764934195e-01 
3.404813228348572e-02 8.366486426548680e-02 3.132170136060137e-02 1.706915014525963e-01 6.802738006378298e-01 
4.257974034112588e-01 5.129873627860815e-02 3.706444154026808e-01 1.127846397577143e-01 3.947480514973802e-02 
3.347082681878316e-02 4.265860689409114e-01 3.488535150931782e-02 9.551649333368854e-02 4.095412593972990e-01 
7.520327060494847e-02 2.887516397325619e-02 2.964296477592375e-02 3.553738974405874e-02 8.307412109018129e-01 
5.683076565358220e-02 6.019259714265175e-02 1.457707543601164e-01 9.522694049725119e-02 6.419789423463986e-01 
1.681289320032098e-01 2.200078298824453e-02 2.561369121923593e-02 8.843903601446723e-02 6.958175577748426e-01 
3.680522352073544e-02 3.736555287518836e-02 5.066392822557661e-02 1.578089498161662e-01 7.173563455623334e-01 
4.267684484933382e-02 2.752087338230699e-02 2.744912663357301e-02 4.884741898293959e-02 8.535057361518464e-01 
3.137197276851816e-02 2.560227117785418e-02 2.898848280988819e-02 6.420792314097714e-01 2.719580418339682e-01 
9.152333892795139e-02 3.374692401893572e-02 9.145916166745174e-02 1.799081545477353e-01 6.033624208379258e-01 
1.881565371518551e-02 1.809419522576905e-02 1.901684825336459e-02 5.666524679030780e-01 3.774208349026031e-01 
2.537885692827667e-02 7.356851291567003e-01 2.279127782779175e-02 1.403533642900363e-01 7.579137179719528e-02 
2.811438001925771e-02 5.263476336450374e-01 2.580544229897882e-02 3.908422229458675e-01 2.889032109085853e-02 
3.474604744125168e-01 3.074789975638002e-02 3.158980480678582e-02 4.219733068233200e-02 5.480044903419854e-01 
1.067754856783942e-01 1.004993474539068e-02 8.206616769305860e-01 5.127256021261786e-02 1.124034243301140e-02 
7.148817795891209e-01 5.789679642214848e-02 3.950657807206726e-02 1.121035372896804e-01 7.561130862698291e-02 
8.140659647209370e-01 6.058743693598366e-02 4.084919743607862e-02 3.103900479028594e-02 5.345839611671487e-02 
7.496235847328581e-02 4.749583681991330e-02 4.993418368348618e-02 5.818171771803319e-01 2.457904438429829e-01 
5.037910078230539e-02 2.703759990790403e-02 4.788748525978470e-02 6.134963231531020e-01 2.611994908969039e-01 
6.071631614744621e-01 5.910040578260625e-02 2.374722757317791e-01 6.134176026047662e-02 3.492239675067585e-02 
1.206789517069275e-01 4.427826494406384e-02 4.710648027833189e-02 6.061439025628391e-02 7.273219128143930e-01 
2.565770499825938e-02 2.332444107998072e-02 4.414621364114012e-02 2.651351362715731e-02 8.803581266534626e-01 
2.370287457617496e-02 1.701592731782867e-02 1.825501973445135e-02 9.078849417198265e-01 3.314123665171883e-02 
3.190817557164745e-02 1.513228503954183e-02 3.566026112519139e-01 2.376857662195290e-01 3.586711619173679e-01 
1.386313970591962e-01 1.736055978977902e-02 1.038731358785637e-01 2.610938393669918e-02 7.140255233357620e-01 
9.717233852732812e-02 6.195111659258271e-02 5.162364361935097e-01 4.005384105648657e-02 2.845862676300930e-01 
3.672797943791375e-01 5.447562161157429e-02 1.255106608555640e-01 2.931195142685235e-02 4.234219717268719e-01 
3.975449596376178e-02 3.485052931910790e-01 3.588342728076007e-02 4.634984822470840e-01 1.123583013173152e-01 
4.674037736595219e-01 1.021010055169588e-02 1.103305912735541e-02 1.028616843486188e-02 5.010668982265647e-01 
1.638838215137126e-01 5.769668401318387e-02 6.227069337126642e-01 2.851666061834560e-02 1.271959001420937e-01 
7.788532609960135e-01 3.655141008219719e-02 9.945106471241411e-02 2.988080450017671e-02 5.526345970919849e-02 
3.967672514443392e-02 2.952577381106211e-02 4.277058749829711e-02 8.492145218861087e-01 3.881239166009839e-02 
3.062757074001980e-01 3.556229923187026e-02 3.348359309741676e-01 1.702825449093168e-01 1.530435174844472e-01 
8.560924639860376e-02 2.411875688492542e-02 3.345726337276607e-02 6.706777383522812e-01 1.861369949914236e-01 
4.450017937167322e-02 1.824255567893601e-02 9.007434374604021e-01 1.989972607439002e-02 1.661410141459889e-02 
1.338193340428488e-01 3.688063072735978e-02 4.050464527249112e-02 8.858348197869358e-02 7.002119079786067e-01 
1.051697660321515e-01 3.727670917056675e-02 7.176469586482856e-02 4.188121167248372e-02 7.439076172599695e-01 
5.171770603997198e-01 4.270293149835012e-02 6.650635935390946e-02 1.773096783641209e-02 3.558826809116085e-01 
3.742754150064448e-01 2.238493763125722e-02 3.674731333620873e-02 3.248927683824726e-02 5.341030571878421e-01 
1.509672151497586e-01 3.121742600128892e-02 8.483177897544447e-02 3.182505032984267e-02 7.011585295436655e-01 
2.772360174593009e-01 3.812382235727364e-02 9.260055434932531e-02 3.905288266128410e-02 5.529867231728161e-01 
1.070034104077448e-01 1.885167819216409e-01 8.767596513602666e-02 3.293197216603869e-02 5.838718703685490e-01 
6.573351885852601e-01 2.959342810016793e-02 5.427335562109585e-02 7.910571877719977e-02 1.796923089162764e-01 
2.838102205730899e-01 2.544550702293880e-02 2.164753260330219e-02 4.675868634748758e-01 2.015098763257934e-01 
5.736985291004112e-02 2.208930585293924e-02 2.303725860984014e-01 5.940241760973264e-01 9.614407904129192e-02 
8.912625690223905e-02 3.326351052117046e-02 4.522926200282108e-02 6.760937376314143e-01 1.562872329423550e-01 
5.099975423034529e-02 8.790348641839864e-02 7.887148083974739e-01 3.887720497686595e-02 3.350474597691620e-02 
2.613634227047821e-01 7.364771318554346e-02 4.348271758844587e-02 4.603054085984236e-02 5.754756056613863e-01 
1.522727654719575e-02 1.442978370160238e-02 1.394654441657444e-02 1.579078142915677e-02 9.406056139054710e-01 
